State (User order)	H3K9me3	H3K36me3	H4K20me1	H3K79me2	H3K4me1	H3K27ac	DNase	H3K9ac	H3K4me3	H3K4me2	H2A.Z	H3K27me3	dummy
1	7.259090321118675E-4	0.22364719060528074	0.4872016408060807	0.8515572708986311	0.8349346619912824	0.9863827077197503	0.807043218495715	0.9458963524468184	0.8515998919456336	0.994893798071395	0.35676632484928067	0.011590424291926561	0.0
2	0.0021579796872596676	0.44099819470361146	0.6949964901114984	0.8463996626081076	0.9185109393302181	0.6107092462629465	0.17787951226368495	0.053229872703875025	0.03518739993992883	0.28795975654125233	0.0043165138539034125	0.003336482673148125	0.0
3	0.005318112225453731	0.620799235890116	0.3389473243602145	0.4124873038220499	0.026030802814685814	0.011161865035065392	0.012756315633866389	9.651409246463282E-6	1.41537854765493E-4	0.001045404764720327	4.7844486003542245E-4	0.0015669212603402682	0.0
4	0.0012226078688934983	0.06219458640588045	0.20872872840218148	0.7511202826197539	0.6786245083884698	0.8829686020200929	0.6519979935001418	0.843217636390758	0.9031797423796861	0.986488021325495	0.5736193582580192	0.0069510586231849815	0.0
5	0.0050508541254409844	0.6364587420733819	0.017736944252489683	0.023182250055514067	0.006403628844837759	0.0034955007851525293	0.007236887216441333	3.4743790969916405E-5	1.4165808270562148E-4	7.764185035662031E-4	9.290575627247312E-4	0.0010375761460625214	0.0
6	0.006575227337430933	0.3891548319903451	0.38687094015281676	0.8703811157027963	0.19010721067384923	0.049332766031888964	0.022104383588796097	3.969502855906907E-4	0.00260215509135907	0.05803312876896119	1.254613678205638E-4	3.5442326411320833E-4	0.0
7	0.0013927810065662634	0.0923694553033563	0.12308779070245454	0.6399794228190622	0.8237180248221632	0.9761018025698723	0.8019424250424746	0.9461925057855886	0.8676635730549481	0.9963526278859356	0.5520630078669642	0.05245490650361906	0.0
8	0.0022131390944358743	0.30908777545595	0.14377529046719104	0.4460694682759598	0.8644420026985293	0.5865422731412723	0.20229509078934294	0.05638797663709564	0.043735900832558364	0.2551251270039162	0.014945150916474368	0.013923981998567576	0.0
9	0.005407654738693724	0.37192652484160055	0.024038052158656457	0.10622763762342455	0.01076552974773768	0.003394968923493425	0.010723206920765444	9.757096437905631E-7	3.7238857623618516E-5	4.883929874482392E-4	3.906618600965432E-4	0.003910093036905237	0.0
10	0.0013338779158242517	0.07215832738792681	0.29750613259581654	0.6943913175455189	0.8423654117373438	0.8531666915822356	0.5298571140669095	0.4525378060354121	0.41229892455084244	0.7342501845651969	0.24543618302779066	0.01284366931178286	0.0
11	0.006220687498692913	0.28798126104743893	0.0068179508029756865	0.02097273458715524	0.016588649852352075	0.005746348378981934	0.010587339047995144	1.7863319273507814E-5	9.930663622832132E-5	0.0012644535607789652	5.546772421847154E-4	0.0013581949997133948	0.0
12	0.007730060420230079	0.0705058953088866	0.31106226591294184	0.8517169477288635	0.13442193817736836	0.016087738748818203	0.016626872692592776	4.984557824325717E-6	6.554444470568465E-5	0.011860421323016236	1.2387662152696941E-5	2.928932132841589E-4	0.0
13	0.0027069297895962107	0.043640834314649664	0.038737290873653574	0.431416856917357	0.7202056350726542	0.738975596086696	0.5761410176848637	0.661734567636778	0.7496219878273807	0.9118949883903501	0.5849494050999339	0.06496413348913262	0.0
14	0.004467247249548108	0.012486552754777249	0.001966937908265004	0.03170307284110012	0.02139206264969921	0.00410839218419821	0.011283796620349248	2.7920378306269364E-5	5.641907584362229E-4	0.00240676685418697	0.0015210258513997782	0.009259751306269276	0.0
15	0.018251025870808343	0.841509076394884	0.013923950661706432	0.03420865722128832	0.013803875574196628	0.0065732858983341145	0.007444192175895981	1.886510594525126E-5	2.703394202530549E-4	0.001219388680190773	5.8348515293112614E-5	2.1882400330873694E-4	0.0
16	0.0019913871751772966	0.013353326611662459	0.0624504551180336	0.5908374774798765	0.6926540665565551	0.820852733321242	0.6557458694437729	0.7214902411016716	0.7823805523806959	0.9706163443855936	0.5883987557877153	0.06253068110782524	0.0
17	0.008768169384019931	0.040179387768958845	0.07009713341167982	0.6454018614177259	0.1471595710281146	0.047313172240676105	0.03752247388662243	3.314552005731151E-4	0.002283209474295938	0.050704928094800955	0.002423589244330178	0.011423315143016536	0.0
18	0.005933285673238597	0.06471279355040815	4.7560353923532274E-4	0.0059347906537155675	0.001776025792373254	2.2600305579009098E-4	0.00627084593794015	5.516908341369468E-6	3.376323204964775E-5	3.6587328576877216E-4	4.71630225245144E-4	2.156018579350698E-4	0.0
19	0.0013709390365256324	0.023247514445316683	0.031292692100039585	0.310677444000309	0.8529987001298169	0.9466516220246599	0.7576326884952772	0.8571752101665618	0.7463977075913418	0.9864073488964757	0.5830969548521953	0.0786688985523042	0.0
20	0.0018411334695151008	0.05371642670993866	0.02322645404157827	0.1303242004952564	0.7881105220368962	0.4794199915651019	0.2210421102776301	0.02131992496935119	0.026063303215454133	0.20107673779357704	0.029724666761123727	0.014098787452684801	0.0
21	0.006383593488752362	0.05411244802422165	0.001957691624850169	0.022181971714714286	0.004601396330646778	5.698243291325418E-4	0.009721692995393938	7.153580713902857E-7	3.304614220066219E-5	3.5058807357173777E-4	2.0545327987975628E-4	0.0038122362580062224	0.0
22	0.1423826409980355	0.09528638122989667	0.04373782124670955	0.37073479277490534	0.6651213970232162	0.6154163989764349	0.49925193685795105	0.60237522659638	0.7674109765346983	0.9003307589891745	0.5490856910853485	0.14378787153044306	0.0
23	0.6095238201975357	0.38627469642747114	0.005777683386678895	0.10181192040285006	0.012367673809658702	0.0015611960890947782	0.004159471177515607	5.3574856992148476E-5	0.0343252161645149	0.01567925719444857	4.978617501675244E-4	0.03871573005244037	0.0
24	0.0029535363666921654	0.0017604687929143414	1.270346668183112E-5	9.925353684014555E-4	0.0037768544995084204	4.7825695539706185E-4	0.00396509944833202	7.257265167774099E-6	2.0209171965281112E-5	6.155669582603138E-4	4.844255578233162E-4	4.8413521292109494E-4	0.0
25	0.001784223481378184	0.0022108570537575853	0.007256376752353361	0.11979523520908433	0.7966657122423777	0.7802107925968922	0.6775284913080172	0.7373296610685977	0.7926785271453204	0.9888418718518904	0.7318459560415181	0.24378326680386497	0.0
26	0.002332520818417408	0.00466784640054774	0.0031849253586715112	0.026578149251713284	0.532813921945159	0.2350441849899385	0.21499012247020596	0.008081596270059195	0.03240137243641407	0.16836196429451197	0.057260958251017464	0.10957368561163643	0.0
27	0.004987591005570204	0.002392933514852981	4.471189892668233E-5	6.770689277863661E-4	6.353573677875468E-4	4.595336046058147E-7	0.00528979454841986	2.8488333638900723E-8	2.955335632921587E-6	1.0577405164250899E-4	1.9717347532508705E-4	7.424217044593839E-4	0.0
28	0.01443967220679633	0.005500559850467	0.023800718105390323	0.07612396171444512	0.8218926981039543	0.3899303397655312	0.4868753572980435	0.43705583005715515	0.7580575005713931	0.9346801067071867	0.6219780491830291	0.7262335270800958	0.0
29	0.010358064424803857	0.005792571311886173	0.008668246810685903	0.008127768304510246	0.09536387169876388	0.015973160030407548	0.03235937043778229	8.045823896608167E-4	0.013128428200548185	0.025582317400333253	0.003495923909501928	0.7690043461906374	0.0
30	0.006061954653086222	0.0038147822769639722	1.445503035337461E-4	2.625660826042754E-4	0.0018416785922023005	2.058693870140058E-4	0.00635670856581135	2.663257898786324E-6	9.081105680770653E-6	3.6694349963788873E-4	5.623322692780505E-4	0.004479930340931497	0.0
31	0.004343888692177437	2.6453884607471325E-4	9.003027915693047E-5	0.007581261854149625	0.18866929461807963	0.1009152905746372	0.14752279819713102	0.06567918360648309	0.28977029276583577	0.37397030883294347	0.1923138841727168	0.4511091376162851	0.0
32	0.0027579849505552016	2.396411852250061E-5	1.3357839175198377E-6	8.065611713972555E-6	8.44688589232874E-5	2.8412316955489034E-5	0.0015947439082073084	5.476132495347526E-10	2.7395652111248235E-6	7.148972490440294E-5	7.701604093984792E-5	1.4923334251886554E-4	0.0
33	0.0027546776645431858	2.6645684752313004E-5	1.4781584947218433E-6	8.223043561251615E-6	6.47337743226833E-5	2.3868882166633927E-5	0.001523439026351411	3.1641328363013493E-10	2.1709552787638084E-6	5.456726132565314E-5	5.845789601825655E-5	1.3200122086913895E-4	0.0
34	2.454316634670123E-51	3.0022176405216104E-27	1.0127300914061791E-138	1.4254525648212E-192	2.6694275024240617E-13	3.646764303214633E-12	2.9375707180607526E-20	6.523854918296133E-21	1.415999212879095E-23	1.3499349057143845E-19	3.0450741264175787E-28	2.2682846704953885E-6	0.0
35	2.971889127645188E-53	1.716784997385274E-24	3.881926603548623E-147	1.6263259546772635E-192	2.2405009417775385E-18	2.1921136722387822E-17	8.487716970318605E-28	3.5291893842354246E-30	2.3956035605825393E-33	2.9346478357214606E-24	8.209866228682355E-32	5.85829057347855E-9	0.0
36	1.0147309757120054E-48	6.06255013028452E-29	2.5937148935877907E-118	1.4784973419310063E-186	1.0753064055037382E-4	7.024450184102853E-5	0.01037201646412486	1.536683297095346E-6	4.137050965787029E-4	7.519555478830295E-4	0.0014001045303296338	0.001633121495099053	0.0
37	0.0	0.0	0.0	0.0	0.0	0.0	0.0	0.0	0.0	0.0	0.0	0.0	1.0
