State (from\to) (User order)	1	2	3	4	5	6	7	8	9	10	11	12	13	14	15	16	17	18	19	20	21	22	23	24	25	26	27	28	29	30	31	32	33	34	35	36	37
1	0.914990114	0.078221674	0.001116389	0	0	0	0	0	0	0	0	0	0	0	0	0	0	0	0	0	0	0	0	0	0	0	0	0	0	0	0	0	0	0	0	0	0.005671823
2	0.059134009	0.835554379	0.100958661	0	0	0	0	0	0	0	0	0	0	0	0	0	0	0	0	0	0	0	0	0	0	0	0	0	0	0	0	0	0	0	0	0	0.004352951
3	0.003022754	0.049396497	0.93925337	0	0	0	0	0	0	0	0	0	0	0	0	0	0	0	0	0	0	0	0	0	0	0	0	0	0	0	0	0	0	0	0	0	0.008327378
4	0	0	0	0.920712507	0.002737146	0.07213864	0	0	0	0	0	0	0	0	0	0	0	0	0	0	0	0	0	0	0	0	0	0	0	0	0	0	0	0	0	0	0.004411708
5	0	0	0	0.006087097	0.971932888	0.014252448	0	0	0	0	0	0	0	0	0	0	0	0	0	0	0	0	0	0	0	0	0	0	0	0	0	0	0	0	0	0	0.007727567
6	0	0	0	0.013097164	0.047201822	0.938377274	0	0	0	0	0	0	0	0	0	0	0	0	0	0	0	0	0	0	0	0	0	0	0	0	0	0	0	0	0	0	0.00132374
7	0	0	0	0	0	0	0.894997819	0.096088848	0.001822932	0	0	0	0	0	0	0	0	0	0	0	0	0	0	0	0	0	0	0	0	0	0	0	0	0	0	0	0.007090401
8	0	0	0	0	0	0	0.067209923	0.802935848	0.124632656	0	0	0	0	0	0	0	0	0	0	0	0	0	0	0	0	0	0	0	0	0	0	0	0	0	0	0	0.005221574
9	0	0	0	0	0	0	0.001395058	0.040087327	0.952234882	0	0	0	0	0	0	0	0	0	0	0	0	0	0	0	0	0	0	0	0	0	0	0	0	0	0	0	0.006282732
10	0	0	0	0	0	0	0	0	0	0.88784965	0.031098298	0.07962196	0	0	0	0	0	0	0	0	0	0	0	0	0	0	0	0	0	0	0	0	0	0	0	0	0.001430092
11	0	0	0	0	0	0	0	0	0	0.008841735	0.974177344	0.014101658	0	0	0	0	0	0	0	0	0	0	0	0	0	0	0	0	0	0	0	0	0	0	0	0	0.002879263
12	0	0	0	0	0	0	0	0	0	0.018274532	0.029407453	0.952172137	0	0	0	0	0	0	0	0	0	0	0	0	0	0	0	0	0	0	0	0	0	0	0	0	1.46E-04
13	0	0	0	0	0	0	0	0	0	0	0	0	0.893842203	0.092814378	0.008912763	0	0	0	0	0	0	0	0	0	0	0	0	0	0	0	0	0	0	0	0	0	0.004430656
14	0	0	0	0	0	0	0	0	0	0	0	0	0.010872789	0.946283518	0.038432726	0	0	0	0	0	0	0	0	0	0	0	0	0	0	0	0	0	0	0	0	0	0.004410967
15	0	0	0	0	0	0	0	0	0	0	0	0	0.001262599	0.08106076	0.913981918	0	0	0	0	0	0	0	0	0	0	0	0	0	0	0	0	0	0	0	0	0	0.003694722
16	0	0	0	0	0	0	0	0	0	0	0	0	0	0	0	0.889516959	0.09945054	0.008893917	0	0	0	0	0	0	0	0	0	0	0	0	0	0	0	0	0	0	0.002138584
17	0	0	0	0	0	0	0	0	0	0	0	0	0	0	0	0.017747461	0.921019318	0.060617495	0	0	0	0	0	0	0	0	0	0	0	0	0	0	0	0	0	0	6.16E-04
18	0	0	0	0	0	0	0	0	0	0	0	0	0	0	0	0.00187586	0.01314864	0.982488473	0	0	0	0	0	0	0	0	0	0	0	0	0	0	0	0	0	0	0.002487027
19	0	0	0	0	0	0	0	0	0	0	0	0	0	0	0	0	0	0	0.85666745	0.134141218	0.004827951	0	0	0	0	0	0	0	0	0	0	0	0	0	0	0	0.00436338
20	0	0	0	0	0	0	0	0	0	0	0	0	0	0	0	0	0	0	0.05913478	0.779652168	0.158769102	0	0	0	0	0	0	0	0	0	0	0	0	0	0	0	0.002443949
21	0	0	0	0	0	0	0	0	0	0	0	0	0	0	0	0	0	0	6.29E-04	0.025905544	0.971292854	0	0	0	0	0	0	0	0	0	0	0	0	0	0	0	0.002172262
22	0	0	0	0	0	0	0	0	0	0	0	0	0	0	0	0	0	0	0	0	0	0.880462201	0.062505444	0.054005902	0	0	0	0	0	0	0	0	0	0	0	0	0.003026452
23	0	0	0	0	0	0	0	0	0	0	0	0	0	0	0	0	0	0	0	0	0	0.008701523	0.925835217	0.059822498	0	0	0	0	0	0	0	0	0	0	0	0	0.005640762
24	0	0	0	0	0	0	0	0	0	0	0	0	0	0	0	0	0	0	0	0	0	0.002989396	0.009180355	0.986074741	0	0	0	0	0	0	0	0	0	0	0	0	0.001755509
25	0	0	0	0	0	0	0	0	0	0	0	0	0	0	0	0	0	0	0	0	0	0	0	0	0.836475979	0.148785091	0.009647379	0	0	0	0	0	0	0	0	0	0.005091551
26	0	0	0	0	0	0	0	0	0	0	0	0	0	0	0	0	0	0	0	0	0	0	0	0	0.054720502	0.752960889	0.189303685	0	0	0	0	0	0	0	0	0	0.003014924
27	0	0	0	0	0	0	0	0	0	0	0	0	0	0	0	0	0	0	0	0	0	0	0	0	2.91E-04	0.010532209	0.987575703	0	0	0	0	0	0	0	0	0	0.001600792
28	0	0	0	0	0	0	0	0	0	0	0	0	0	0	0	0	0	0	0	0	0	0	0	0	0	0	0	0.85150307	0.124061697	0.01771163	0	0	0	0	0	0	0.006723603
29	0	0	0	0	0	0	0	0	0	0	0	0	0	0	0	0	0	0	0	0	0	0	0	0	0	0	0	0.039170831	0.880435892	0.07360338	0	0	0	0	0	0	0.006789896
30	0	0	0	0	0	0	0	0	0	0	0	0	0	0	0	0	0	0	0	0	0	0	0	0	0	0	0	0.001133307	0.01105915	0.983946579	0	0	0	0	0	0	0.003860965
31	0	0	0	0	0	0	0	0	0	0	0	0	0	0	0	0	0	0	0	0	0	0	0	0	0	0	0	0	0	0	0.865895533	0.062363548	0.069630974	0	0	0	0.002109944
32	0	0	0	0	0	0	0	0	0	0	0	0	0	0	0	0	0	0	0	0	0	0	0	0	0	0	0	0	0	0	0.001565582	0.401117798	0.596384375	0	0	0	9.32E-04
33	0	0	0	0	0	0	0	0	0	0	0	0	0	0	0	0	0	0	0	0	0	0	0	0	0	0	0	0	0	0	9.73E-04	0.554922437	0.443323445	0	0	0	7.81E-04
34	0	0	0	0	0	0	0	0	0	0	0	0	0	0	0	0	0	0	0	0	0	0	0	0	0	0	0	0	0	0	0	0	0	0.45299812	0.361176386	0.168141374	0.017684121
35	0	0	0	0	0	0	0	0	0	0	0	0	0	0	0	0	0	0	0	0	0	0	0	0	0	0	0	0	0	0	0	0	0	0.280900445	0.594975826	0.12393191	1.92E-04
36	0	0	0	0	0	0	0	0	0	0	0	0	0	0	0	0	0	0	0	0	0	0	0	0	0	0	0	0	0	0	0	0	0	0.33036411	0.132370181	0.501159882	0.036105827
37	0.01053287	0.010177134	0.035763099	0.014943401	0.061076673	0.018943774	0.016287515	0.021793763	0.064969885	0.007745419	0.035125971	0.001822478	0.011124372	0.08194423	0.006208102	0.010352	0.018682686	0.046386346	0.010537202	0.014573375	0.057647934	0.003512772	0.008565859	0.039014152	0.01018886	0.029173343	0.12261532	0.011507373	0.061481942	0.067970736	0.003191018	0.006763329	0.01279419	0.002919733	0.063521384	1.42E-04	0